#mH    mA      mC       tb     cba       m122    wh          wH         wA          wC           N    SigmaxBR[fb]     DIRECTORY
125.09  216.2776  216.2776  1.5  0  7221.926815384616  0.00435040581  0.00679846741  0.0187474521  0.989970692  2  352.219852475636  /Volumes/LaCie/Signal/14TeV/A_HZ_bbll/tb_1.5/mH_125.09_mA_216.2776_mC_216.2776_tb_1.5_cba_0_m122_7221.926815384616
125.09  266.2776  266.2776  1.5  0  7221.926815384616  0.00435035516  0.00679846741  1.21769197  4.06956085  2  809.2988991527728  /Volumes/LaCie/Signal/14TeV/A_HZ_bbll/tb_1.5/mH_125.09_mA_266.2776_mC_266.2776_tb_1.5_cba_0_m122_7221.926815384616
175.09  266.2776  266.2776  1.5  0  14149.157584615386  0.0043506072  0.0092085955  0.0242115711  2.65544028  2  251.59331603210194  /Volumes/LaCie/Signal/14TeV/A_HZ_bbll/tb_1.5/mH_175.09_mA_266.2776_mC_266.2776_tb_1.5_cba_0_m122_14149.157584615386
125.09  316.2776  316.2776  1.5  0  7221.926815384616  0.00435032731  0.00679846741  3.99559533  8.59699431  2  845.7985655029339  /Volumes/LaCie/Signal/14TeV/A_HZ_bbll/tb_1.5/mH_125.09_mA_316.2776_mC_316.2776_tb_1.5_cba_0_m122_7221.926815384616
175.09  316.2776  316.2776  1.5  0  14149.157584615386  0.00435050382  0.0092085955  1.49382008  6.01894447  2  811.2511783374767  /Volumes/LaCie/Signal/14TeV/A_HZ_bbll/tb_1.5/mH_175.09_mA_316.2776_mC_316.2776_tb_1.5_cba_0_m122_14149.157584615386
225.09  316.2776  316.2776  1.5  0  23384.08066153846  0.00435074107  0.011739868  0.0389203925  4.29817287  2  174.39838207986867  /Volumes/LaCie/Signal/14TeV/A_HZ_bbll/tb_1.5/mH_225.09_mA_316.2776_mC_316.2776_tb_1.5_cba_0_m122_23384.08066153846
125.09  366.2776  366.2776  1.5  0  7221.926815384616  0.00435031031  0.00679846741  13.2142863  14.6358997  2  746.2231200539718  /Volumes/LaCie/Signal/14TeV/A_HZ_bbll/tb_1.5/mH_125.09_mA_366.2776_mC_366.2776_tb_1.5_cba_0_m122_7221.926815384616
175.09  366.2776  366.2776  1.5  0  14149.157584615386  0.00435044097  0.0092085955  9.66141905  11.0401615  2  570.7272530147308  /Volumes/LaCie/Signal/14TeV/A_HZ_bbll/tb_1.5/mH_175.09_mA_366.2776_mC_366.2776_tb_1.5_cba_0_m122_14149.157584615386
225.09  366.2776  366.2776  1.5  0  23384.08066153846  0.0043506162  0.011739868  6.51417056  7.79127546  2  282.09407698222185  /Volumes/LaCie/Signal/14TeV/A_HZ_bbll/tb_1.5/mH_225.09_mA_366.2776_mC_366.2776_tb_1.5_cba_0_m122_23384.08066153846
275.09  366.2776  366.2776  1.5  0  34926.696046153855  0.00435083692  0.0146252082  4.85363403  5.82817665  2  1.9708669157058774  /Volumes/LaCie/Signal/14TeV/A_HZ_bbll/tb_1.5/mH_275.09_mA_366.2776_mC_366.2776_tb_1.5_cba_0_m122_34926.696046153855
125.09  416.2776  416.2776  1.5  0  7221.926815384616  0.00435029917  0.00679846741  22.0022656  22.4085261  2  392.1712620633852  /Volumes/LaCie/Signal/14TeV/A_HZ_bbll/tb_1.5/mH_125.09_mA_416.2776_mC_416.2776_tb_1.5_cba_0_m122_7221.926815384616
175.09  416.2776  416.2776  1.5  0  14149.157584615386  0.00435039984  0.0092085955  17.484478  17.8634562  2  331.34900042483866  /Volumes/LaCie/Signal/14TeV/A_HZ_bbll/tb_1.5/mH_175.09_mA_416.2776_mC_416.2776_tb_1.5_cba_0_m122_14149.157584615386
225.09  416.2776  416.2776  1.5  0  23384.08066153846  0.00435053466  0.011739868  12.9054313  13.223585  2  236.00408174181115  /Volumes/LaCie/Signal/14TeV/A_HZ_bbll/tb_1.5/mH_225.09_mA_416.2776_mC_416.2776_tb_1.5_cba_0_m122_23384.08066153846
275.09  416.2776  416.2776  1.5  0  34926.696046153855  0.0043507042  0.0146252082  9.21566104  9.4089582  2  103.77633647740262  /Volumes/LaCie/Signal/14TeV/A_HZ_bbll/tb_1.5/mH_275.09_mA_416.2776_mC_416.2776_tb_1.5_cba_0_m122_34926.696046153855
325.09  416.2776  416.2776  1.5  0  48777.00373846155  0.00435090911  0.019901618  7.39000849  7.25060683  2  0.5774370462222553  /Volumes/LaCie/Signal/14TeV/A_HZ_bbll/tb_1.5/mH_325.09_mA_416.2776_mC_416.2776_tb_1.5_cba_0_m122_48777.00373846155
125.09  466.2776  466.2776  1.5  0  7221.926815384616  0.00435029147  0.00679846741  32.1042778  32.1657138  2  231.4992902370714  /Volumes/LaCie/Signal/14TeV/A_HZ_bbll/tb_1.5/mH_125.09_mA_466.2776_mC_466.2776_tb_1.5_cba_0_m122_7221.926815384616
175.09  466.2776  466.2776  1.5  0  14149.157584615386  0.00435037143  0.0092085955  26.6726069  26.7154022  2  206.66196370885882  /Volumes/LaCie/Signal/14TeV/A_HZ_bbll/tb_1.5/mH_175.09_mA_466.2776_mC_466.2776_tb_1.5_cba_0_m122_14149.157584615386
225.09  466.2776  466.2776  1.5  0  23384.08066153846  0.00435047844  0.011739868  20.7551034  20.7573372  2  169.08961516122255  /Volumes/LaCie/Signal/14TeV/A_HZ_bbll/tb_1.5/mH_225.09_mA_466.2776_mC_466.2776_tb_1.5_cba_0_m122_23384.08066153846
275.09  466.2776  466.2776  1.5  0  34926.696046153855  0.00435061282  0.0146252082  15.2730497  15.1967363  2  114.56832708281921  /Volumes/LaCie/Signal/14TeV/A_HZ_bbll/tb_1.5/mH_275.09_mA_466.2776_mC_466.2776_tb_1.5_cba_0_m122_34926.696046153855
325.09  466.2776  466.2776  1.5  0  48777.00373846155  0.004350775  0.019901618  11.1245782  10.9025549  2  42.68623214779964  /Volumes/LaCie/Signal/14TeV/A_HZ_bbll/tb_1.5/mH_325.09_mA_466.2776_mC_466.2776_tb_1.5_cba_0_m122_48777.00373846155
375.09  466.2776  466.2776  1.5  0  64935.00373846156  0.0043509655  0.931634872  9.16379322  8.58397715  2  0.006406394382094003  /Volumes/LaCie/Signal/14TeV/A_HZ_bbll/tb_1.5/mH_375.09_mA_466.2776_mC_466.2776_tb_1.5_cba_0_m122_64935.00373846156
125.09  516.2776  516.2776  1.5  0  7221.926815384616  0.00435028592  0.00679846741  44.2484978  44.1632207  2  142.54315267460137  /Volumes/LaCie/Signal/14TeV/A_HZ_bbll/tb_1.5/mH_125.09_mA_516.2776_mC_516.2776_tb_1.5_cba_0_m122_7221.926815384616
175.09  516.2776  516.2776  1.5  0  14149.157584615386  0.00435035099  0.0092085955  37.9374959  37.8388477  2  131.1906664291127  /Volumes/LaCie/Signal/14TeV/A_HZ_bbll/tb_1.5/mH_175.09_mA_516.2776_mC_516.2776_tb_1.5_cba_0_m122_14149.157584615386
225.09  516.2776  516.2776  1.5  0  23384.08066153846  0.004350438  0.011739868  30.7438832  30.6164911  2  114.60209262303009  /Volumes/LaCie/Signal/14TeV/A_HZ_bbll/tb_1.5/mH_225.09_mA_516.2776_mC_516.2776_tb_1.5_cba_0_m122_23384.08066153846
275.09  516.2776  516.2776  1.5  0  34926.696046153855  0.00435054717  0.0146252082  23.5537814  23.3719656  2  90.78786845954595  /Volumes/LaCie/Signal/14TeV/A_HZ_bbll/tb_1.5/mH_275.09_mA_516.2776_mC_516.2776_tb_1.5_cba_0_m122_34926.696046153855
325.09  516.2776  516.2776  1.5  0  48777.00373846155  0.0043506788  0.019901618  17.2790517  17.0018122  2  53.54787710306955  /Volumes/LaCie/Signal/14TeV/A_HZ_bbll/tb_1.5/mH_325.09_mA_516.2776_mC_516.2776_tb_1.5_cba_0_m122_48777.00373846155
375.09  516.2776  516.2776  1.5  0  64935.00373846156  0.00435083321  0.931634872  12.739388  12.2978406  2  0.5490764825815656  /Volumes/LaCie/Signal/14TeV/A_HZ_bbll/tb_1.5/mH_375.09_mA_516.2776_mC_516.2776_tb_1.5_cba_0_m122_64935.00373846156
425.09  516.2776  516.2776  1.5  0  83400.69604615387  0.00435101081  2.88380354  10.6661398  9.84563025  2  0.0011820969640252976  /Volumes/LaCie/Signal/14TeV/A_HZ_bbll/tb_1.5/mH_425.09_mA_516.2776_mC_516.2776_tb_1.5_cba_0_m122_83400.69604615387
125.09  566.2776  566.2776  1.5  0  7221.926815384616  0.00435028179  0.00679846741  58.802912  58.65637  2  90.3832544753725  /Volumes/LaCie/Signal/14TeV/A_HZ_bbll/tb_1.5/mH_125.09_mA_566.2776_mC_566.2776_tb_1.5_cba_0_m122_7221.926815384616
175.09  566.2776  566.2776  1.5  0  14149.157584615386  0.00435033577  0.0092085955  51.637519  51.4810312  2  84.68999539559827  /Volumes/LaCie/Signal/14TeV/A_HZ_bbll/tb_1.5/mH_175.09_mA_566.2776_mC_566.2776_tb_1.5_cba_0_m122_14149.157584615386
225.09  566.2776  566.2776  1.5  0  23384.08066153846  0.00435040793  0.011739868  43.2143502  43.0366298  2  76.61062323125952  /Volumes/LaCie/Signal/14TeV/A_HZ_bbll/tb_1.5/mH_225.09_mA_566.2776_mC_566.2776_tb_1.5_cba_0_m122_23384.08066153846
275.09  566.2776  566.2776  1.5  0  34926.696046153855  0.00435049841  0.0146252082  34.3797116  34.1622292  2  65.25183769069837  /Volumes/LaCie/Signal/14TeV/A_HZ_bbll/tb_1.5/mH_275.09_mA_566.2776_mC_566.2776_tb_1.5_cba_0_m122_34926.696046153855
325.09  566.2776  566.2776  1.5  0  48777.00373846155  0.0043506074  0.019901618  26.0409156  25.7552031  2  45.52428167833068  /Volumes/LaCie/Signal/14TeV/A_HZ_bbll/tb_1.5/mH_325.09_mA_566.2776_mC_566.2776_tb_1.5_cba_0_m122_48777.00373846155
375.09  566.2776  566.2776  1.5  0  64935.00373846156  0.00435073515  0.931634872  19.0688692  18.6719615  2  0.7514036862135604  /Volumes/LaCie/Signal/14TeV/A_HZ_bbll/tb_1.5/mH_375.09_mA_566.2776_mC_566.2776_tb_1.5_cba_0_m122_64935.00373846156
425.09  566.2776  566.2776  1.5  0  83400.69604615387  0.00435088192  2.88380354  14.1925249  13.6147424  2  0.1116957216073095  /Volumes/LaCie/Signal/14TeV/A_HZ_bbll/tb_1.5/mH_425.09_mA_566.2776_mC_566.2776_tb_1.5_cba_0_m122_83400.69604615387
475.09  566.2776  566.2776  1.5  0  104174.08066153848  0.00435104803  4.82527242  12.0243093  11.0494928  2  0.0004271403403033651  /Volumes/LaCie/Signal/14TeV/A_HZ_bbll/tb_1.5/mH_475.09_mA_566.2776_mC_566.2776_tb_1.5_cba_0_m122_104174.08066153848
125.09  616.2776  616.2776  1.5  0  7221.926815384616  0.00435027862  0.00679846741  76.0636858  75.8989702  2  58.73809757553752  /Volumes/LaCie/Signal/14TeV/A_HZ_bbll/tb_1.5/mH_125.09_mA_616.2776_mC_616.2776_tb_1.5_cba_0_m122_7221.926815384616
175.09  616.2776  616.2776  1.5  0  14149.157584615386  0.00435032414  0.0092085955  68.0626339  67.8903063  2  55.65236270801902  /Volumes/LaCie/Signal/14TeV/A_HZ_bbll/tb_1.5/mH_175.09_mA_616.2776_mC_616.2776_tb_1.5_cba_0_m122_14149.157584615386
225.09  616.2776  616.2776  1.5  0  23384.08066153846  0.00435038496  0.011739868  58.4461344  58.2576271  2  51.37087770442721  /Volumes/LaCie/Signal/14TeV/A_HZ_bbll/tb_1.5/mH_225.09_mA_616.2776_mC_616.2776_tb_1.5_cba_0_m122_23384.08066153846
275.09  616.2776  616.2776  1.5  0  34926.696046153855  0.00435046118  0.0146252082  48.0194359  47.800815  2  45.458545285107704  /Volumes/LaCie/Signal/14TeV/A_HZ_bbll/tb_1.5/mH_275.09_mA_616.2776_mC_616.2776_tb_1.5_cba_0_m122_34926.696046153855
325.09  616.2776  616.2776  1.5  0  48777.00373846155  0.00435055294  0.019901618  37.671554  37.4017948  2  34.28082245533196  /Volumes/LaCie/Signal/14TeV/A_HZ_bbll/tb_1.5/mH_325.09_mA_616.2776_mC_616.2776_tb_1.5_cba_0_m122_48777.00373846155
375.09  616.2776  616.2776  1.5  0  64935.00373846156  0.00435066041  0.931634872  28.2978919  27.9465165  2  0.6751955456428921  /Volumes/LaCie/Signal/14TeV/A_HZ_bbll/tb_1.5/mH_375.09_mA_616.2776_mC_616.2776_tb_1.5_cba_0_m122_64935.00373846156
425.09  616.2776  616.2776  1.5  0  83400.69604615387  0.00435078379  2.88380354  20.7098896  20.2327237  2  0.16349971816709855  /Volumes/LaCie/Signal/14TeV/A_HZ_bbll/tb_1.5/mH_425.09_mA_616.2776_mC_616.2776_tb_1.5_cba_0_m122_83400.69604615387
475.09  616.2776  616.2776  1.5  0  104174.08066153848  0.00435092329  4.82527242  15.5412134  14.8683899  2  0.043443699223992834  /Volumes/LaCie/Signal/14TeV/A_HZ_bbll/tb_1.5/mH_475.09_mA_616.2776_mC_616.2776_tb_1.5_cba_0_m122_104174.08066153848
525.09  616.2776  616.2776  1.5  0  127255.1575846154  0.00435107917  6.64787307  13.2917878  12.2063376  2  0.00019527373090800595  /Volumes/LaCie/Signal/14TeV/A_HZ_bbll/tb_1.5/mH_525.09_mA_616.2776_mC_616.2776_tb_1.5_cba_0_m122_127255.1575846154
125.09  666.2776  666.2776  1.5  0  7221.926815384616  0.00435027615  0.00679846741  96.3023339  96.1433194  2  39.00692002558445  /Volumes/LaCie/Signal/14TeV/A_HZ_bbll/tb_1.5/mH_125.09_mA_666.2776_mC_666.2776_tb_1.5_cba_0_m122_7221.926815384616
175.09  666.2776  666.2776  1.5  0  14149.157584615386  0.00435031506  0.0092085955  87.4800996  87.315123  2  37.2235118045819  /Volumes/LaCie/Signal/14TeV/A_HZ_bbll/tb_1.5/mH_175.09_mA_666.2776_mC_666.2776_tb_1.5_cba_0_m122_14149.157584615386
225.09  666.2776  666.2776  1.5  0  23384.08066153846  0.00435036701  0.011739868  76.6991115  76.5214989  2  34.78909467150395  /Volumes/LaCie/Signal/14TeV/A_HZ_bbll/tb_1.5/mH_225.09_mA_666.2776_mC_666.2776_tb_1.5_cba_0_m122_23384.08066153846
275.09  666.2776  666.2776  1.5  0  34926.696046153855  0.00435043211  0.0146252082  64.7244098  64.5233669  2  31.46828590208784  /Volumes/LaCie/Signal/14TeV/A_HZ_bbll/tb_1.5/mH_275.09_mA_666.2776_mC_666.2776_tb_1.5_cba_0_m122_34926.696046153855
325.09  666.2776  666.2776  1.5  0  48777.00373846155  0.00435051044  0.019901618  52.418981  52.1783779  2  24.720423644687532  /Volumes/LaCie/Signal/14TeV/A_HZ_bbll/tb_1.5/mH_325.09_mA_666.2776_mC_666.2776_tb_1.5_cba_0_m122_48777.00373846155
375.09  666.2776  666.2776  1.5  0  64935.00373846156  0.00435060212  0.931634872  40.6819655  40.3788569  2  0.5285946721568109  /Volumes/LaCie/Signal/14TeV/A_HZ_bbll/tb_1.5/mH_375.09_mA_666.2776_mC_666.2776_tb_1.5_cba_0_m122_64935.00373846156
425.09  666.2776  666.2776  1.5  0  83400.69604615387  0.00435070731  2.88380354  30.3752695  29.977771  2  0.15383131818890033  /Volumes/LaCie/Signal/14TeV/A_HZ_bbll/tb_1.5/mH_425.09_mA_666.2776_mC_666.2776_tb_1.5_cba_0_m122_83400.69604615387
475.09  666.2776  666.2776  1.5  0  104174.08066153848  0.00435082616  4.82527242  22.2405145  21.7037819  2  0.06719834621123318  /Volumes/LaCie/Signal/14TeV/A_HZ_bbll/tb_1.5/mH_475.09_mA_666.2776_mC_666.2776_tb_1.5_cba_0_m122_104174.08066153848
525.09  666.2776  666.2776  1.5  0  127255.1575846154  0.00435095886  6.64787307  16.8159193  16.070298  2  0.02106910485611408  /Volumes/LaCie/Signal/14TeV/A_HZ_bbll/tb_1.5/mH_525.09_mA_666.2776_mC_666.2776_tb_1.5_cba_0_m122_127255.1575846154
575.09  666.2776  666.2776  1.5  0  152643.92681538465  0.0043511056  8.34503947  14.4962825  13.3244525  2  0.00010115567185274086  /Volumes/LaCie/Signal/14TeV/A_HZ_bbll/tb_1.5/mH_575.09_mA_666.2776_mC_666.2776_tb_1.5_cba_0_m122_152643.92681538465
125.09  716.2776  716.2776  1.5  0  7221.926815384616  0.00435027418  0.00679846741  119.77963  119.640455  2  26.41053769735761  /Volumes/LaCie/Signal/14TeV/A_HZ_bbll/tb_1.5/mH_125.09_mA_716.2776_mC_716.2776_tb_1.5_cba_0_m122_7221.926815384616
175.09  716.2776  716.2776  1.5  0  14149.157584615386  0.00435030782  0.0092085955  110.147652  110.003717  2  25.324132323354487  /Volumes/LaCie/Signal/14TeV/A_HZ_bbll/tb_1.5/mH_175.09_mA_716.2776_mC_716.2776_tb_1.5_cba_0_m122_14149.157584615386
225.09  716.2776  716.2776  1.5  0  23384.08066153846  0.00435035272  0.011739868  98.2255194  98.0715145  2  23.85790795088713  /Volumes/LaCie/Signal/14TeV/A_HZ_bbll/tb_1.5/mH_225.09_mA_716.2776_mC_716.2776_tb_1.5_cba_0_m122_23384.08066153846
275.09  716.2776  716.2776  1.5  0  34926.696046153855  0.00435040897  0.0146252082  84.7399755  84.5673457  2  21.872166976172398  /Volumes/LaCie/Signal/14TeV/A_HZ_bbll/tb_1.5/mH_275.09_mA_716.2776_mC_716.2776_tb_1.5_cba_0_m122_34926.696046153855
325.09  716.2776  716.2776  1.5  0  48777.00373846155  0.00435047662  0.019901618  70.5242092  70.3202418  2  17.588413718208397  /Volumes/LaCie/Signal/14TeV/A_HZ_bbll/tb_1.5/mH_325.09_mA_716.2776_mC_716.2776_tb_1.5_cba_0_m122_48777.00373846155
375.09  716.2776  716.2776  1.5  0  64935.00373846156  0.00435055577  0.931634872  56.4679078  56.2147  2  0.3926662901903673  /Volumes/LaCie/Signal/14TeV/A_HZ_bbll/tb_1.5/mH_375.09_mA_716.2776_mC_716.2776_tb_1.5_cba_0_m122_64935.00373846156
425.09  716.2776  716.2776  1.5  0  83400.69604615387  0.00435064654  2.88380354  43.4576057  43.1307646  2  0.12452869545559603  /Volumes/LaCie/Signal/14TeV/A_HZ_bbll/tb_1.5/mH_425.09_mA_716.2776_mC_716.2776_tb_1.5_cba_0_m122_83400.69604615387
475.09  716.2776  716.2776  1.5  0  104174.08066153848  0.00435074903  4.82527242  32.3078781  31.8745721  2  0.06576886902833429  /Volumes/LaCie/Signal/14TeV/A_HZ_bbll/tb_1.5/mH_475.09_mA_716.2776_mC_716.2776_tb_1.5_cba_0_m122_104174.08066153848
525.09  716.2776  716.2776  1.5  0  127255.1575846154  0.00435086339  6.64787307  23.6853214  23.1004213  2  0.034150128957007475  /Volumes/LaCie/Signal/14TeV/A_HZ_bbll/tb_1.5/mH_525.09_mA_716.2776_mC_716.2776_tb_1.5_cba_0_m122_127255.1575846154
575.09  716.2776  716.2776  1.5  0  152643.92681538465  0.00435098976  8.34503947  18.0349907  17.2293151  2  0.01146423529612065  /Volumes/LaCie/Signal/14TeV/A_HZ_bbll/tb_1.5/mH_575.09_mA_716.2776_mC_716.2776_tb_1.5_cba_0_m122_152643.92681538465
625.09  716.2776  716.2776  1.5  0  180340.38835384618  0.00435112832  9.93101668  15.6540665  14.4102514  2  5.673898186458537e-05  /Volumes/LaCie/Signal/14TeV/A_HZ_bbll/tb_1.5/mH_625.09_mA_716.2776_mC_716.2776_tb_1.5_cba_0_m122_180340.38835384618
125.09  766.2776  766.2776  1.5  0  7221.926815384616  0.00435027259  0.00679846741  146.750935  146.640418  2  18.19700468132176  /Volumes/LaCie/Signal/14TeV/A_HZ_bbll/tb_1.5/mH_125.09_mA_766.2776_mC_766.2776_tb_1.5_cba_0_m122_7221.926815384616
175.09  766.2776  766.2776  1.5  0  14149.157584615386  0.00435030195  0.0092085955  136.318417  136.204036  2  17.506203428781266  /Volumes/LaCie/Signal/14TeV/A_HZ_bbll/tb_1.5/mH_175.09_mA_766.2776_mC_766.2776_tb_1.5_cba_0_m122_14149.157584615386
225.09  766.2776  766.2776  1.5  0  23384.08066153846  0.00435034116  0.011739868  123.274286  123.151746  2  16.581035522048893  /Volumes/LaCie/Signal/14TeV/A_HZ_bbll/tb_1.5/mH_225.09_mA_766.2776_mC_766.2776_tb_1.5_cba_0_m122_23384.08066153846
275.09  766.2776  766.2776  1.5  0  34926.696046153855  0.00435039024  0.0146252082  108.309365  108.171757  2  15.332576891052037  /Volumes/LaCie/Signal/14TeV/A_HZ_bbll/tb_1.5/mH_275.09_mA_766.2776_mC_766.2776_tb_1.5_cba_0_m122_34926.696046153855
325.09  766.2776  766.2776  1.5  0  48777.00373846155  0.00435044927  0.019901618  92.2256574  92.0627519  2  12.506591329175405  /Volumes/LaCie/Signal/14TeV/A_HZ_bbll/tb_1.5/mH_325.09_mA_766.2776_mC_766.2776_tb_1.5_cba_0_m122_48777.00373846155
375.09  766.2776  766.2776  1.5  0  64935.00373846156  0.00435051831  0.931634872  75.8954624  75.6929403  2  0.2861706973320368  /Volumes/LaCie/Signal/14TeV/A_HZ_bbll/tb_1.5/mH_375.09_mA_766.2776_mC_766.2776_tb_1.5_cba_0_m122_64935.00373846156
425.09  766.2776  766.2776  1.5  0  83400.69604615387  0.00435059743  2.88380354  60.2124386  59.9509918  2  0.09494473335617354  /Volumes/LaCie/Signal/14TeV/A_HZ_bbll/tb_1.5/mH_425.09_mA_766.2776_mC_766.2776_tb_1.5_cba_0_m122_83400.69604615387
475.09  766.2776  766.2776  1.5  0  104174.08066153848  0.00435068674  4.82527242  46.0347983  45.6889658  2  0.054826699569539554  /Volumes/LaCie/Signal/14TeV/A_HZ_bbll/tb_1.5/mH_475.09_mA_766.2776_mC_766.2776_tb_1.5_cba_0_m122_104174.08066153848
525.09  766.2776  766.2776  1.5  0  127255.1575846154  0.00435078634  6.64787307  34.1211927  33.6575438  2  0.0345981787305765  /Volumes/LaCie/Signal/14TeV/A_HZ_bbll/tb_1.5/mH_525.09_mA_766.2776_mC_766.2776_tb_1.5_cba_0_m122_127255.1575846154
575.09  766.2776  766.2776  1.5  0  152643.92681538465  0.00435089634  8.34503947  25.06124  24.4346349  2  0.019350728572034192  /Volumes/LaCie/Signal/14TeV/A_HZ_bbll/tb_1.5/mH_575.09_mA_766.2776_mC_766.2776_tb_1.5_cba_0_m122_152643.92681538465
625.09  766.2776  766.2776  1.5  0  180340.38835384618  0.00435101687  9.93101668  19.210426  18.3523242  2  0.00670558719140323  /Volumes/LaCie/Signal/14TeV/A_HZ_bbll/tb_1.5/mH_625.09_mA_766.2776_mC_766.2776_tb_1.5_cba_0_m122_180340.38835384618
675.09  766.2776  766.2776  1.5  0  210344.54220000003  0.00435114807  11.4228795  16.77555  15.4687486  2  3.3663115929258556e-05  /Volumes/LaCie/Signal/14TeV/A_HZ_bbll/tb_1.5/mH_675.09_mA_766.2776_mC_766.2776_tb_1.5_cba_0_m122_210344.54220000003
125.09  816.2776  816.2776  1.5  0  7221.926815384616  0.00435027128  0.00679846741  177.468586  177.392476  2  12.737603391321596  /Volumes/LaCie/Signal/14TeV/A_HZ_bbll/tb_1.5/mH_125.09_mA_816.2776_mC_816.2776_tb_1.5_cba_0_m122_7221.926815384616
175.09  816.2776  816.2776  1.5  0  14149.157584615386  0.00435029714  0.0092085955  166.243046  166.163756  2  12.282714274627557  /Volumes/LaCie/Signal/14TeV/A_HZ_bbll/tb_1.5/mH_175.09_mA_816.2776_mC_816.2776_tb_1.5_cba_0_m122_14149.157584615386
225.09  816.2776  816.2776  1.5  0  23384.08066153846  0.00435033166  0.011739868  152.092805  152.006807  2  11.676601482895917  /Volumes/LaCie/Signal/14TeV/A_HZ_bbll/tb_1.5/mH_225.09_mA_816.2776_mC_816.2776_tb_1.5_cba_0_m122_23384.08066153846
275.09  816.2776  816.2776  1.5  0  34926.696046153855  0.00435037488  0.0146252082  135.675269  135.576898  2  10.859786746919632  /Volumes/LaCie/Signal/14TeV/A_HZ_bbll/tb_1.5/mH_275.09_mA_816.2776_mC_816.2776_tb_1.5_cba_0_m122_34926.696046153855
325.09  816.2776  816.2776  1.5  0  48777.00373846155  0.00435042683  0.019901618  117.761257  117.642144  2  8.939455345780111  /Volumes/LaCie/Signal/14TeV/A_HZ_bbll/tb_1.5/mH_325.09_mA_816.2776_mC_816.2776_tb_1.5_cba_0_m122_48777.00373846155
375.09  816.2776  816.2776  1.5  0  64935.00373846156  0.00435048758  0.931634872  99.2011333  99.0496067  2  0.2076337407794514  /Volumes/LaCie/Signal/14TeV/A_HZ_bbll/tb_1.5/mH_375.09_mA_816.2776_mC_816.2776_tb_1.5_cba_0_m122_64935.00373846156
425.09  816.2776  816.2776  1.5  0  83400.69604615387  0.00435055718  2.88380354  80.8842339  80.6846514  2  0.07068293867045333  /Volumes/LaCie/Signal/14TeV/A_HZ_bbll/tb_1.5/mH_425.09_mA_816.2776_mC_816.2776_tb_1.5_cba_0_m122_83400.69604615387
475.09  816.2776  816.2776  1.5  0  104174.08066153848  0.00435063571  4.82527242  63.691642  63.4235994  2  0.04277841554129025  /Volumes/LaCie/Signal/14TeV/A_HZ_bbll/tb_1.5/mH_475.09_mA_816.2776_mC_816.2776_tb_1.5_cba_0_m122_104174.08066153848
525.09  816.2776  816.2776  1.5  0  127255.1575846154  0.00435072325  6.64787307  48.4425247  48.0797944  2  0.029604699532203523  /Volumes/LaCie/Signal/14TeV/A_HZ_bbll/tb_1.5/mH_525.09_mA_816.2776_mC_816.2776_tb_1.5_cba_0_m122_127255.1575846154
575.09  816.2776  816.2776  1.5  0  152643.92681538465  0.00435081988  8.34503947  35.8345758  35.3433907  2  0.02021515128587052  /Volumes/LaCie/Signal/14TeV/A_HZ_bbll/tb_1.5/mH_575.09_mA_816.2776_mC_816.2776_tb_1.5_cba_0_m122_152643.92681538465
625.09  816.2776  816.2776  1.5  0  180340.38835384618  0.00435092571  9.93101668  26.3805325  25.7159372  2  0.011729550890393257  /Volumes/LaCie/Signal/14TeV/A_HZ_bbll/tb_1.5/mH_625.09_mA_816.2776_mC_816.2776_tb_1.5_cba_0_m122_180340.38835384618
675.09  816.2776  816.2776  1.5  0  210344.54220000003  0.00435104084  11.4228795  20.3505477  19.4447472  2  0.00412557279599498  /Volumes/LaCie/Signal/14TeV/A_HZ_bbll/tb_1.5/mH_675.09_mA_816.2776_mC_816.2776_tb_1.5_cba_0_m122_210344.54220000003
725.09  816.2776  816.2776  1.5  0  242656.3883538462  0.0043511654  12.8360331  17.8678201  16.50391  2  2.083637315717602e-05  /Volumes/LaCie/Signal/14TeV/A_HZ_bbll/tb_1.5/mH_725.09_mA_816.2776_mC_816.2776_tb_1.5_cba_0_m122_242656.3883538462
125.09  866.2776  866.2776  1.5  0  7221.926815384616  0.00435027019  0.00679846741  212.183103  212.145298  2  9.045041896771309  /Volumes/LaCie/Signal/14TeV/A_HZ_bbll/tb_1.5/mH_125.09_mA_866.2776_mC_866.2776_tb_1.5_cba_0_m122_7221.926815384616
175.09  866.2776  866.2776  1.5  0  14149.157584615386  0.00435029314  0.0092085955  200.170764  200.130309  2  8.736768184626868  /Volumes/LaCie/Signal/14TeV/A_HZ_bbll/tb_1.5/mH_175.09_mA_866.2776_mC_866.2776_tb_1.5_cba_0_m122_14149.157584615386
225.09  866.2776  866.2776  1.5  0  23384.08066153846  0.00435032378  0.011739868  184.927731  184.881692  2  8.327385897610496  /Volumes/LaCie/Signal/14TeV/A_HZ_bbll/tb_1.5/mH_225.09_mA_866.2776_mC_866.2776_tb_1.5_cba_0_m122_23384.08066153846
275.09  866.2776  866.2776  1.5  0  34926.696046153855  0.00435036212  0.0146252082  167.080457  167.024126  2  7.775708542645732  /Volumes/LaCie/Signal/14TeV/A_HZ_bbll/tb_1.5/mH_275.09_mA_866.2776_mC_866.2776_tb_1.5_cba_0_m122_34926.696046153855
325.09  866.2776  866.2776  1.5  0  48777.00373846155  0.0043504082  0.019901618  147.369362  147.295799  2  6.439850452896142  /Volumes/LaCie/Signal/14TeV/A_HZ_bbll/tb_1.5/mH_325.09_mA_866.2776_mC_866.2776_tb_1.5_cba_0_m122_48777.00373846155
375.09  866.2776  866.2776  1.5  0  64935.00373846156  0.00435046207  0.931634872  126.620481  126.520027  2  0.15101496731073008  /Volumes/LaCie/Signal/14TeV/A_HZ_bbll/tb_1.5/mH_375.09_mA_866.2776_mC_866.2776_tb_1.5_cba_0_m122_64935.00373846156
425.09  866.2776  866.2776  1.5  0  83400.69604615387  0.00435052378  2.88380354  105.71147  105.571229  2  0.052217704613391626  /Volumes/LaCie/Signal/14TeV/A_HZ_bbll/tb_1.5/mH_425.09_mA_866.2776_mC_866.2776_tb_1.5_cba_0_m122_83400.69604615387
475.09  866.2776  866.2776  1.5  0  104174.08066153848  0.00435059337  4.82527242  85.5319982  85.3352539  2  0.032459456539432  /Volumes/LaCie/Signal/14TeV/A_HZ_bbll/tb_1.5/mH_475.09_mA_866.2776_mC_866.2776_tb_1.5_cba_0_m122_104174.08066153848
525.09  866.2776  866.2776  1.5  0  127255.1575846154  0.00435067092  6.64787307  66.9386172  66.6641245  2  0.023582723295602615  /Volumes/LaCie/Signal/14TeV/A_HZ_bbll/tb_1.5/mH_525.09_mA_866.2776_mC_866.2776_tb_1.5_cba_0_m122_127255.1575846154
575.09  866.2776  866.2776  1.5  0  152643.92681538465  0.0043507565  8.34503947  50.7042907  50.3252935  2  0.01770833397312062  /Volumes/LaCie/Signal/14TeV/A_HZ_bbll/tb_1.5/mH_575.09_mA_866.2776_mC_866.2776_tb_1.5_cba_0_m122_152643.92681538465
625.09  866.2776  866.2776  1.5  0  180340.38835384618  0.00435085018  9.93101668  37.4631446  36.9457377  2  0.012595703133527486  /Volumes/LaCie/Signal/14TeV/A_HZ_bbll/tb_1.5/mH_625.09_mA_866.2776_mC_866.2776_tb_1.5_cba_0_m122_180340.38835384618
675.09  866.2776  866.2776  1.5  0  210344.54220000003  0.00435095205  11.4228795  27.6524101  26.9519602  2  0.007449454529039504  /Volumes/LaCie/Signal/14TeV/A_HZ_bbll/tb_1.5/mH_675.09_mA_866.2776_mC_866.2776_tb_1.5_cba_0_m122_210344.54220000003
725.09  866.2776  866.2776  1.5  0  242656.3883538462  0.00435106219  12.8360331  21.4613895  20.5109091  2  0.0026363595844502937  /Volumes/LaCie/Signal/14TeV/A_HZ_bbll/tb_1.5/mH_725.09_mA_866.2776_mC_866.2776_tb_1.5_cba_0_m122_242656.3883538462
775.09  866.2776  866.2776  1.5  0  277275.92681538465  0.00435118072  14.1833422  18.9359366  17.5189096  2  1.3336120269872978e-05  /Volumes/LaCie/Signal/14TeV/A_HZ_bbll/tb_1.5/mH_775.09_mA_866.2776_mC_866.2776_tb_1.5_cba_0_m122_277275.92681538465
125.09  916.2776  916.2776  1.5  0  7221.926815384616  0.00435026928  0.00679846741  251.143846  251.147086  2  6.507593952697785  /Volumes/LaCie/Signal/14TeV/A_HZ_bbll/tb_1.5/mH_125.09_mA_916.2776_mC_916.2776_tb_1.5_cba_0_m122_7221.926815384616
175.09  916.2776  916.2776  1.5  0  14149.157584615386  0.00435028978  0.0092085955  238.349917  238.350926  2  6.293635509371544  /Volumes/LaCie/Signal/14TeV/A_HZ_bbll/tb_1.5/mH_175.09_mA_916.2776_mC_916.2776_tb_1.5_cba_0_m122_14149.157584615386
225.09  916.2776  916.2776  1.5  0  23384.08066153846  0.00435031715  0.011739868  222.025359  222.021668  2  6.010119706149241  /Volumes/LaCie/Signal/14TeV/A_HZ_bbll/tb_1.5/mH_225.09_mA_916.2776_mC_916.2776_tb_1.5_cba_0_m122_23384.08066153846
275.09  916.2776  916.2776  1.5  0  34926.696046153855  0.0043503514  0.0146252082  202.768005  202.755659  2  5.627806562537964  /Volumes/LaCie/Signal/14TeV/A_HZ_bbll/tb_1.5/mH_275.09_mA_916.2776_mC_916.2776_tb_1.5_cba_0_m122_34926.696046153855
325.09  916.2776  916.2776  1.5  0  48777.00373846155  0.00435039256  0.019901618  181.289093  181.262266  2  4.680586283180055  /Volumes/LaCie/Signal/14TeV/A_HZ_bbll/tb_1.5/mH_325.09_mA_916.2776_mC_916.2776_tb_1.5_cba_0_m122_48777.00373846155
375.09  916.2776  916.2776  1.5  0  64935.00373846156  0.00435044066  0.931634872  158.38929  158.339887  2  0.11046231854323454  /Volumes/LaCie/Signal/14TeV/A_HZ_bbll/tb_1.5/mH_375.09_mA_916.2776_mC_916.2776_tb_1.5_cba_0_m122_64935.00373846156
425.09  916.2776  916.2776  1.5  0  83400.69604615387  0.00435049574  2.88380354  134.929942  134.847183  2  0.03857811327507805  /Volumes/LaCie/Signal/14TeV/A_HZ_bbll/tb_1.5/mH_425.09_mA_916.2776_mC_916.2776_tb_1.5_cba_0_m122_83400.69604615387
475.09  916.2776  916.2776  1.5  0  104174.08066153848  0.00435055785  4.82527242  111.799561  111.669527  2  0.024372739528655086  /Volumes/LaCie/Signal/14TeV/A_HZ_bbll/tb_1.5/mH_475.09_mA_916.2776_mC_916.2776_tb_1.5_cba_0_m122_104174.08066153848
525.09  916.2776  916.2776  1.5  0  127255.1575846154  0.00435062704  6.64787307  89.8755827  89.6806982  2  0.01820470116839141  /Volumes/LaCie/Signal/14TeV/A_HZ_bbll/tb_1.5/mH_525.09_mA_916.2776_mC_916.2776_tb_1.5_cba_0_m122_127255.1575846154
575.09  916.2776  916.2776  1.5  0  152643.92681538465  0.00435070336  8.34503947  69.9814767  69.6998631  2  0.014373534932840517  /Volumes/LaCie/Signal/14TeV/A_HZ_bbll/tb_1.5/mH_575.09_mA_916.2776_mC_916.2776_tb_1.5_cba_0_m122_152643.92681538465
625.09  916.2776  916.2776  1.5  0  180340.38835384618  0.00435078688  9.93101668  52.8393978  52.4439575  2  0.01127136735209165  /Volumes/LaCie/Signal/14TeV/A_HZ_bbll/tb_1.5/mH_625.09_mA_916.2776_mC_916.2776_tb_1.5_cba_0_m122_180340.38835384618
675.09  916.2776  916.2776  1.5  0  210344.54220000003  0.00435087767  11.4228795  39.0189425  38.475782  2  0.00820181319156788  /Volumes/LaCie/Signal/14TeV/A_HZ_bbll/tb_1.5/mH_675.09_mA_916.2776_mC_916.2776_tb_1.5_cba_0_m122_210344.54220000003
725.09  916.2776  916.2776  1.5  0  242656.3883538462  0.00435097579  12.8360331  28.883987  28.1488913  2  0.004898362259475882  /Volumes/LaCie/Signal/14TeV/A_HZ_bbll/tb_1.5/mH_725.09_mA_916.2776_mC_916.2776_tb_1.5_cba_0_m122_242656.3883538462
775.09  916.2776  916.2776  1.5  0  277275.92681538465  0.00435108133  14.1833422  22.5474793  21.5543004  2  0.0017358389050808778  /Volumes/LaCie/Signal/14TeV/A_HZ_bbll/tb_1.5/mH_775.09_mA_916.2776_mC_916.2776_tb_1.5_cba_0_m122_277275.92681538465
825.09  916.2776  916.2776  1.5  0  314203.15758461546  0.00435119437  15.4752767  19.9836487  18.5163174  2  8.772635529081857e-06  /Volumes/LaCie/Signal/14TeV/A_HZ_bbll/tb_1.5/mH_825.09_mA_916.2776_mC_916.2776_tb_1.5_cba_0_m122_314203.15758461546
125.09  966.2776  966.2776  1.5  0  7221.926815384616  0.0043502685  0.00679846741  294.599396  294.645679  2  4.738319185415727  /Volumes/LaCie/Signal/14TeV/A_HZ_bbll/tb_1.5/mH_125.09_mA_966.2776_mC_966.2776_tb_1.5_cba_0_m122_7221.926815384616
175.09  966.2776  966.2776  1.5  0  14149.157584615386  0.00435028694  0.0092085955  281.028282  281.072668  2  4.586815122894809  /Volumes/LaCie/Signal/14TeV/A_HZ_bbll/tb_1.5/mH_175.09_mA_966.2776_mC_966.2776_tb_1.5_cba_0_m122_14149.157584615386
225.09  966.2776  966.2776  1.5  0  23384.08066153846  0.00435031153  0.011739868  263.63181  263.672203  2  4.386338046953742  /Volumes/LaCie/Signal/14TeV/A_HZ_bbll/tb_1.5/mH_225.09_mA_966.2776_mC_966.2776_tb_1.5_cba_0_m122_23384.08066153846
275.09  966.2776  966.2776  1.5  0  34926.696046153855  0.00435034231  0.0146252082  242.981364  243.014407  2  4.115737059090457  /Volumes/LaCie/Signal/14TeV/A_HZ_bbll/tb_1.5/mH_275.09_mA_966.2776_mC_966.2776_tb_1.5_cba_0_m122_34926.696046153855
325.09  966.2776  966.2776  1.5  0  48777.00373846155  0.00435037929  0.019901618  219.76042  219.781171  2  3.4332359893377475  /Volumes/LaCie/Signal/14TeV/A_HZ_bbll/tb_1.5/mH_325.09_mA_966.2776_mC_966.2776_tb_1.5_cba_0_m122_48777.00373846155
375.09  966.2776  966.2776  1.5  0  64935.00373846156  0.0043504225  0.931634872  194.744094  194.745697  2  0.08138162762726416  /Volumes/LaCie/Signal/14TeV/A_HZ_bbll/tb_1.5/mH_375.09_mA_966.2776_mC_966.2776_tb_1.5_cba_0_m122_64935.00373846156
425.09  966.2776  966.2776  1.5  0  83400.69604615387  0.00435047198  2.88380354  168.774621  168.747959  2  0.02861100235994379  /Volumes/LaCie/Signal/14TeV/A_HZ_bbll/tb_1.5/mH_425.09_mA_966.2776_mC_966.2776_tb_1.5_cba_0_m122_83400.69604615387
475.09  966.2776  966.2776  1.5  0  104174.08066153848  0.00435052775  4.82527242  142.732748  142.666081  2  0.01826349210491477  /Volumes/LaCie/Signal/14TeV/A_HZ_bbll/tb_1.5/mH_475.09_mA_966.2776_mC_966.2776_tb_1.5_cba_0_m122_104174.08066153848
525.09  966.2776  966.2776  1.5  0  127255.1575846154  0.00435058987  6.64787307  117.505088  117.383651  2  0.013872218194921416  /Volumes/LaCie/Signal/14TeV/A_HZ_bbll/tb_1.5/mH_525.09_mA_966.2776_mC_966.2776_tb_1.5_cba_0_m122_127255.1575846154
575.09  966.2776  966.2776  1.5  0  152643.92681538465  0.00435065837  8.34503947  93.947439  93.7529749  2  0.011270487677232677  /Volumes/LaCie/Signal/14TeV/A_HZ_bbll/tb_1.5/mH_575.09_mA_966.2776_mC_966.2776_tb_1.5_cba_0_m122_152643.92681538465
625.09  966.2776  966.2776  1.5  0  180340.38835384618  0.00435073331  9.93101668  72.8441704  72.5543377  2  0.009306617294965578  /Volumes/LaCie/Signal/14TeV/A_HZ_bbll/tb_1.5/mH_625.09_mA_966.2776_mC_966.2776_tb_1.5_cba_0_m122_180340.38835384618
675.09  966.2776  966.2776  1.5  0  210344.54220000003  0.00435081473  11.4228795  54.8638552  54.4513623  2  0.007483711466348441  /Volumes/LaCie/Signal/14TeV/A_HZ_bbll/tb_1.5/mH_675.09_mA_966.2776_mC_966.2776_tb_1.5_cba_0_m122_210344.54220000003
725.09  966.2776  966.2776  1.5  0  242656.3883538462  0.00435090271  12.8360331  40.511718  39.9427956  2  0.005517353550427635  /Volumes/LaCie/Signal/14TeV/A_HZ_bbll/tb_1.5/mH_725.09_mA_966.2776_mC_966.2776_tb_1.5_cba_0_m122_242656.3883538462
775.09  966.2776  966.2776  1.5  0  277275.92681538465  0.0043509973  14.1833422  30.0808796  29.3117968  2  0.0033096987864959116  /Volumes/LaCie/Signal/14TeV/A_HZ_bbll/tb_1.5/mH_775.09_mA_966.2776_mC_966.2776_tb_1.5_cba_0_m122_277275.92681538465
825.09  966.2776  966.2776  1.5  0  314203.15758461546  0.00435109857  15.4752767  23.6123095  22.57777  2  0.0011711465398318466  /Volumes/LaCie/Signal/14TeV/A_HZ_bbll/tb_1.5/mH_825.09_mA_966.2776_mC_966.2776_tb_1.5_cba_0_m122_314203.15758461546
875.09  966.2776  966.2776  1.5  0  353438.0806615385  0.0043512066  16.7202995  21.0138199  19.498237  2  5.904753028810729e-06  /Volumes/LaCie/Signal/14TeV/A_HZ_bbll/tb_1.5/mH_875.09_mA_966.2776_mC_966.2776_tb_1.5_cba_0_m122_353438.0806615385
125.09  1016.2776  1016.2776  1.5  0  7221.926815384616  0.00435026784  0.00679846741  342.797794  342.88863  2  3.4881759901655336  /Volumes/LaCie/Signal/14TeV/A_HZ_bbll/tb_1.5/mH_125.09_mA_1016.2776_mC_1016.2776_tb_1.5_cba_0_m122_7221.926815384616
175.09  1016.2776  1016.2776  1.5  0  14149.157584615386  0.0043502845  0.0092085955  328.453253  328.542463  2  3.379048667021884  /Volumes/LaCie/Signal/14TeV/A_HZ_bbll/tb_1.5/mH_175.09_mA_1016.2776_mC_1016.2776_tb_1.5_cba_0_m122_14149.157584615386
225.09  1016.2776  1016.2776  1.5  0  23384.08066153846  0.00435030673  0.011739868  309.993129  310.078916  2  3.234774721035379  /Volumes/LaCie/Signal/14TeV/A_HZ_bbll/tb_1.5/mH_225.09_mA_1016.2776_mC_1016.2776_tb_1.5_cba_0_m122_23384.08066153846
275.09  1016.2776  1016.2776  1.5  0  34926.696046153855  0.00435033454  0.0146252082  287.964347  288.043837  2  3.039826595708325  /Volumes/LaCie/Signal/14TeV/A_HZ_bbll/tb_1.5/mH_275.09_mA_1016.2776_mC_1016.2776_tb_1.5_cba_0_m122_34926.696046153855
325.09  1016.2776  1016.2776  1.5  0  48777.00373846155  0.00435036795  0.019901618  263.024122  263.093086  2  2.5412407010303246  /Volumes/LaCie/Signal/14TeV/A_HZ_bbll/tb_1.5/mH_325.09_mA_1016.2776_mC_1016.2776_tb_1.5_cba_0_m122_48777.00373846155
375.09  1016.2776  1016.2776  1.5  0  64935.00373846156  0.00435040698  0.931634872  235.922373  235.974949  2  0.06042575985905616  /Volumes/LaCie/Signal/14TeV/A_HZ_bbll/tb_1.5/mH_375.09_mA_1016.2776_mC_1016.2776_tb_1.5_cba_0_m122_64935.00373846156
425.09  1016.2776  1016.2776  1.5  0  83400.69604615387  0.00435045167  2.88380354  207.480637  207.50904  2  0.02134083543276765  /Volumes/LaCie/Signal/14TeV/A_HZ_bbll/tb_1.5/mH_425.09_mA_1016.2776_mC_1016.2776_tb_1.5_cba_0_m122_83400.69604615387
475.09  1016.2776  1016.2776  1.5  0  104174.08066153848  0.00435050203  4.82527242  178.567473  178.561692  2  0.01371649717521494  /Volumes/LaCie/Signal/14TeV/A_HZ_bbll/tb_1.5/mH_475.09_mA_1016.2776_mC_1016.2776_tb_1.5_cba_0_m122_104174.08066153848
525.09  1016.2776  1016.2776  1.5  0  127255.1575846154  0.00435055811  6.64787307  150.070367  150.017848  2  0.010530318905241719  /Volumes/LaCie/Signal/14TeV/A_HZ_bbll/tb_1.5/mH_525.09_mA_1016.2776_mC_1016.2776_tb_1.5_cba_0_m122_127255.1575846154
575.09  1016.2776  1016.2776  1.5  0  152643.92681538465  0.00435061994  8.34503947  122.864165  122.74945  2  0.00870466669330792  /Volumes/LaCie/Signal/14TeV/A_HZ_bbll/tb_1.5/mH_575.09_mA_1016.2776_mC_1016.2776_tb_1.5_cba_0_m122_152643.92681538465
625.09  1016.2776  1016.2776  1.5  0  180340.38835384618  0.00435068755  9.93101668  97.7760546  97.5803545  2  0.007402693732728931  /Volumes/LaCie/Signal/14TeV/A_HZ_bbll/tb_1.5/mH_625.09_mA_1016.2776_mC_1016.2776_tb_1.5_cba_0_m122_180340.38835384618
675.09  1016.2776  1016.2776  1.5  0  210344.54220000003  0.00435076101  11.4228795  75.5471733  75.2478225  2  0.006277075595275331  /Volumes/LaCie/Signal/14TeV/A_HZ_bbll/tb_1.5/mH_675.09_mA_1016.2776_mC_1016.2776_tb_1.5_cba_0_m122_210344.54220000003
725.09  1016.2776  1016.2776  1.5  0  242656.3883538462  0.00435084034  12.8360331  56.7910568  56.3606854  2  0.005125308810338565  /Volumes/LaCie/Signal/14TeV/A_HZ_bbll/tb_1.5/mH_725.09_mA_1016.2776_mC_1016.2776_tb_1.5_cba_0_m122_242656.3883538462
775.09  1016.2776  1016.2776  1.5  0  277275.92681538465  0.00435092562  14.1833422  41.9494667  41.3545136  2  0.00380683353984922  /Volumes/LaCie/Signal/14TeV/A_HZ_bbll/tb_1.5/mH_775.09_mA_1016.2776_mC_1016.2776_tb_1.5_cba_0_m122_277275.92681538465
825.09  1016.2776  1016.2776  1.5  0  314203.15758461546  0.00435101688  15.4752767  31.2476021  30.4448647  2  0.002286326333384094  /Volumes/LaCie/Signal/14TeV/A_HZ_bbll/tb_1.5/mH_825.09_mA_1016.2776_mC_1016.2776_tb_1.5_cba_0_m122_314203.15758461546
875.09  1016.2776  1016.2776  1.5  0  353438.0806615385  0.0043511142  16.7202995  24.6586356  23.5836672  2  0.0008065057925990503  /Volumes/LaCie/Signal/14TeV/A_HZ_bbll/tb_1.5/mH_875.09_mA_1016.2776_mC_1016.2776_tb_1.5_cba_0_m122_353438.0806615385
925.09  1016.2776  1016.2776  1.5  0  394980.6960461539  0.00435121763  17.9252591  22.0286919  20.4664082  2  4.053322636279681e-06  /Volumes/LaCie/Signal/14TeV/A_HZ_bbll/tb_1.5/mH_925.09_mA_1016.2776_mC_1016.2776_tb_1.5_cba_0_m122_394980.6960461539
125.09  1066.2776  1066.2776  1.5  0  7221.926815384616  0.00435026726  0.00679846741  395.986693  396.123259  2  2.593929951742589  /Volumes/LaCie/Signal/14TeV/A_HZ_bbll/tb_1.5/mH_125.09_mA_1066.2776_mC_1066.2776_tb_1.5_cba_0_m122_7221.926815384616
175.09  1066.2776  1066.2776  1.5  0  14149.157584615386  0.0043502824  0.0092085955  380.871959  381.00712  2  2.514161003137413  /Volumes/LaCie/Signal/14TeV/A_HZ_bbll/tb_1.5/mH_175.09_mA_1066.2776_mC_1066.2776_tb_1.5_cba_0_m122_14149.157584615386
225.09  1066.2776  1066.2776  1.5  0  23384.08066153846  0.00435030258  0.011739868  361.355331  361.487536  2  2.4087594482514088  /Volumes/LaCie/Signal/14TeV/A_HZ_bbll/tb_1.5/mH_225.09_mA_1066.2776_mC_1066.2776_tb_1.5_cba_0_m122_23384.08066153846
275.09  1066.2776  1066.2776  1.5  0  34926.696046153855  0.00435032783  0.0146252082  337.961098  338.087866  2  2.266186097287918  /Volumes/LaCie/Signal/14TeV/A_HZ_bbll/tb_1.5/mH_275.09_mA_1066.2776_mC_1066.2776_tb_1.5_cba_0_m122_34926.696046153855
325.09  1066.2776  1066.2776  1.5  0  48777.00373846155  0.00435035817  0.019901618  311.321715  311.439399  2  1.8975384946755298  /Volumes/LaCie/Signal/14TeV/A_HZ_bbll/tb_1.5/mH_325.09_mA_1066.2776_mC_1066.2776_tb_1.5_cba_0_m122_48777.00373846155
375.09  1066.2776  1066.2776  1.5  0  64935.00373846156  0.00435039361  0.931634872  282.16258  282.266125  2  0.04522207213989268  /Volumes/LaCie/Signal/14TeV/A_HZ_bbll/tb_1.5/mH_375.09_mA_1066.2776_mC_1066.2776_tb_1.5_cba_0_m122_64935.00373846156
425.09  1066.2776  1066.2776  1.5  0  83400.69604615387  0.00435043417  2.88380354  251.283771  251.366471  2  0.01602303048268909  /Volumes/LaCie/Signal/14TeV/A_HZ_bbll/tb_1.5/mH_425.09_mA_1066.2776_mC_1066.2776_tb_1.5_cba_0_m122_83400.69604615387
475.09  1066.2776  1066.2776  1.5  0  104174.08066153848  0.00435047987  4.82527242  219.538742  219.591986  2  0.010347283745290408  /Volumes/LaCie/Signal/14TeV/A_HZ_bbll/tb_1.5/mH_475.09_mA_1066.2776_mC_1066.2776_tb_1.5_cba_0_m122_104174.08066153848
525.09  1066.2776  1066.2776  1.5  0  127255.1575846154  0.00435053075  6.64787307  187.809991  187.822997  2  0.008000195834546591  /Volumes/LaCie/Signal/14TeV/A_HZ_bbll/tb_1.5/mH_525.09_mA_1066.2776_mC_1066.2776_tb_1.5_cba_0_m122_127255.1575846154
575.09  1066.2776  1066.2776  1.5  0  152643.92681538465  0.00435058684  8.34503947  156.981695  156.941223  2  0.006686351818505239  /Volumes/LaCie/Signal/14TeV/A_HZ_bbll/tb_1.5/mH_575.09_mA_1066.2776_mC_1066.2776_tb_1.5_cba_0_m122_152643.92681538465
625.09  1066.2776  1066.2776  1.5  0  180340.38835384618  0.00435064817  9.93101668  127.909345  127.799373  2  0.005788447137712705  /Volumes/LaCie/Signal/14TeV/A_HZ_bbll/tb_1.5/mH_625.09_mA_1066.2776_mC_1066.2776_tb_1.5_cba_0_m122_180340.38835384618
675.09  1066.2776  1066.2776  1.5  0  210344.54220000003  0.00435071477  11.4228795  101.386402  101.187737  2  0.005059112394431019  /Volumes/LaCie/Signal/14TeV/A_HZ_bbll/tb_1.5/mH_675.09_mA_1066.2776_mC_1066.2776_tb_1.5_cba_0_m122_210344.54220000003
725.09  1066.2776  1066.2776  1.5  0  242656.3883538462  0.00435078669  12.8360331  78.1080567  77.7978198  2  0.004361707851651726  /Volumes/LaCie/Signal/14TeV/A_HZ_bbll/tb_1.5/mH_725.09_mA_1066.2776_mC_1066.2776_tb_1.5_cba_0_m122_242656.3883538462
775.09  1066.2776  1066.2776  1.5  0  277275.92681538465  0.00435086396  14.1833422  58.6322949  58.1831291  2  0.003595405463613778  /Volumes/LaCie/Signal/14TeV/A_HZ_bbll/tb_1.5/mH_775.09_mA_1066.2776_mC_1066.2776_tb_1.5_cba_0_m122_277275.92681538465
825.09  1066.2776  1066.2776  1.5  0  314203.15758461546  0.00435094665  15.4752767  43.3388201  42.7174352  2  0.002681084214090726  /Volumes/LaCie/Signal/14TeV/A_HZ_bbll/tb_1.5/mH_825.09_mA_1066.2776_mC_1066.2776_tb_1.5_cba_0_m122_314203.15758461546
875.09  1066.2776  1066.2776  1.5  0  353438.0806615385  0.00435103478  16.7202995  32.3878375  31.5515865  2  0.0016088931841120608  /Volumes/LaCie/Signal/14TeV/A_HZ_bbll/tb_1.5/mH_875.09_mA_1066.2776_mC_1066.2776_tb_1.5_cba_0_m122_353438.0806615385
925.09  1066.2776  1066.2776  1.5  0  394980.6960461539  0.00435112842  17.9252591  25.6886732  24.5739479  2  0.0005652203187637138  /Volumes/LaCie/Signal/14TeV/A_HZ_bbll/tb_1.5/mH_925.09_mA_1066.2776_mC_1066.2776_tb_1.5_cba_0_m122_394980.6960461539
975.09  1066.2776  1066.2776  1.5  0  438831.0037384616  0.00435122763  19.095725  23.0300567  21.4222839  2  2.8303445702178526e-06  /Volumes/LaCie/Signal/14TeV/A_HZ_bbll/tb_1.5/mH_975.09_mA_1066.2776_mC_1066.2776_tb_1.5_cba_0_m122_438831.0037384616
125.09  1116.2776  1116.2776  1.5  0  7221.926815384616  0.00435026677  0.00679846741  454.413459  454.596707  2  1.947036593122082  /Volumes/LaCie/Signal/14TeV/A_HZ_bbll/tb_1.5/mH_125.09_mA_1116.2776_mC_1116.2776_tb_1.5_cba_0_m122_7221.926815384616
175.09  1116.2776  1116.2776  1.5  0  14149.157584615386  0.00435028057  0.0092085955  438.531331  438.713357  2  1.8879727026981379  /Volumes/LaCie/Signal/14TeV/A_HZ_bbll/tb_1.5/mH_175.09_mA_1116.2776_mC_1116.2776_tb_1.5_cba_0_m122_14149.157584615386
225.09  1116.2776  1116.2776  1.5  0  23384.08066153846  0.00435029898  0.011739868  417.964428  418.143883  2  1.8099558685530435  /Volumes/LaCie/Signal/14TeV/A_HZ_bbll/tb_1.5/mH_225.09_mA_1116.2776_mC_1116.2776_tb_1.5_cba_0_m122_23384.08066153846
275.09  1116.2776  1116.2776  1.5  0  34926.696046153855  0.00435032202  0.0146252082  393.21605  393.390779  2  1.7043206445737948  /Volumes/LaCie/Signal/14TeV/A_HZ_bbll/tb_1.5/mH_275.09_mA_1116.2776_mC_1116.2776_tb_1.5_cba_0_m122_34926.696046153855
325.09  1116.2776  1116.2776  1.5  0  48777.00373846155  0.00435034968  0.019901618  364.895356  365.062188  2  1.4288070597162803  /Volumes/LaCie/Signal/14TeV/A_HZ_bbll/tb_1.5/mH_325.09_mA_1116.2776_mC_1116.2776_tb_1.5_cba_0_m122_48777.00373846155
375.09  1116.2776  1116.2776  1.5  0  64935.00373846156  0.004350382  0.931634872  333.704087  333.858633  2  0.03410855253791706  /Volumes/LaCie/Signal/14TeV/A_HZ_bbll/tb_1.5/mH_375.09_mA_1116.2776_mC_1116.2776_tb_1.5_cba_0_m122_64935.00373846156
425.09  1116.2776  1116.2776  1.5  0  83400.69604615387  0.00435041898  2.88380354  300.420652  300.557091  2  0.012113730590155624  /Volumes/LaCie/Signal/14TeV/A_HZ_bbll/tb_1.5/mH_425.09_mA_1116.2776_mC_1116.2776_tb_1.5_cba_0_m122_83400.69604615387
475.09  1116.2776  1116.2776  1.5  0  104174.08066153848  0.00435046065  4.82527242  265.881552  265.992417  2  0.007848938739844958  /Volumes/LaCie/Signal/14TeV/A_HZ_bbll/tb_1.5/mH_475.09_mA_1116.2776_mC_1116.2776_tb_1.5_cba_0_m122_104174.08066153848
525.09  1116.2776  1116.2776  1.5  0  127255.1575846154  0.00435050703  6.64787307  230.960167  231.036122  2  0.00609814771975616  /Volumes/LaCie/Signal/14TeV/A_HZ_bbll/tb_1.5/mH_525.09_mA_1116.2776_mC_1116.2776_tb_1.5_cba_0_m122_127255.1575846154
575.09  1116.2776  1116.2776  1.5  0  152643.92681538465  0.00435055814  8.34503947  196.542897  196.572495  2  0.005133964276072065  /Volumes/LaCie/Signal/14TeV/A_HZ_bbll/tb_1.5/mH_575.09_mA_1116.2776_mC_1116.2776_tb_1.5_cba_0_m122_152643.92681538465
625.09  1116.2776  1116.2776  1.5  0  180340.38835384618  0.00435061402  9.93101668  163.502663  163.472092  2  0.004495106484922302  /Volumes/LaCie/Signal/14TeV/A_HZ_bbll/tb_1.5/mH_625.09_mA_1116.2776_mC_1116.2776_tb_1.5_cba_0_m122_180340.38835384618
675.09  1116.2776  1116.2776  1.5  0  210344.54220000003  0.00435067469  11.4228795  132.669804  132.562591  2  0.00400129885482732  /Volumes/LaCie/Signal/14TeV/A_HZ_bbll/tb_1.5/mH_675.09_mA_1116.2776_mC_1116.2776_tb_1.5_cba_0_m122_210344.54220000003
725.09  1116.2776  1116.2776  1.5  0  242656.3883538462  0.00435074018  12.8360331  104.800375  104.597029  2  0.003558530867614078  /Volumes/LaCie/Signal/14TeV/A_HZ_bbll/tb_1.5/mH_725.09_mA_1116.2776_mC_1116.2776_tb_1.5_cba_0_m122_242656.3883538462
775.09  1116.2776  1116.2776  1.5  0  277275.92681538465  0.00435081055  14.1833422  80.54196  80.2194772  2  0.0031012235518201336  /Volumes/LaCie/Signal/14TeV/A_HZ_bbll/tb_1.5/mH_775.09_mA_1116.2776_mC_1116.2776_tb_1.5_cba_0_m122_277275.92681538465
825.09  1116.2776  1116.2776  1.5  0  314203.15758461546  0.00435088581  15.4752767  60.3971566  59.9282648  2  0.002571518715306709  /Volumes/LaCie/Signal/14TeV/A_HZ_bbll/tb_1.5/mH_825.09_mA_1116.2776_mC_1116.2776_tb_1.5_cba_0_m122_314203.15758461546
875.09  1116.2776  1116.2776  1.5  0  353438.0806615385  0.00435096601  16.7202995  44.6853324  44.0370585  2  0.0019208738514227429  /Volumes/LaCie/Signal/14TeV/A_HZ_bbll/tb_1.5/mH_875.09_mA_1116.2776_mC_1116.2776_tb_1.5_cba_0_m122_353438.0806615385
925.09  1116.2776  1116.2776  1.5  0  394980.6960461539  0.0043510512  17.9252591  33.5046296  32.6348976  2  0.0011502697401272932  /Volumes/LaCie/Signal/14TeV/A_HZ_bbll/tb_1.5/mH_925.09_mA_1116.2776_mC_1116.2776_tb_1.5_cba_0_m122_394980.6960461539
975.09  1116.2776  1116.2776  1.5  0  438831.0037384616  0.00435114143  19.095725  26.7042323  25.550255  2  0.00040222138713583703  /Volumes/LaCie/Signal/14TeV/A_HZ_bbll/tb_1.5/mH_975.09_mA_1116.2776_mC_1116.2776_tb_1.5_cba_0_m122_438831.0037384616
1025.09  1116.2776  1116.2776  1.5  0  484989.00373846164  0.00435123673  20.2362565  24.0193723  22.3670884  2  2.006356833394068e-06  /Volumes/LaCie/Signal/14TeV/A_HZ_bbll/tb_1.5/mH_1025.09_mA_1116.2776_mC_1116.2776_tb_1.5_cba_0_m122_484989.00373846164
125.09  1166.2776  1166.2776  1.5  0  7221.926815384616  0.00435026633  0.00679846741  518.32524  518.555964  2  1.4740751262659442  /Volumes/LaCie/Signal/14TeV/A_HZ_bbll/tb_1.5/mH_125.09_mA_1166.2776_mC_1166.2776_tb_1.5_cba_0_m122_7221.926815384616
175.09  1166.2776  1166.2776  1.5  0  14149.157584615386  0.00435027898  0.0092085955  501.678161  501.907815  2  1.4298449279652987  /Volumes/LaCie/Signal/14TeV/A_HZ_bbll/tb_1.5/mH_175.09_mA_1166.2776_mC_1166.2776_tb_1.5_cba_0_m122_14149.157584615386
225.09  1166.2776  1166.2776  1.5  0  23384.08066153846  0.00435029584  0.011739868  480.066438  480.293842  2  1.3714332591252703  /Volumes/LaCie/Signal/14TeV/A_HZ_bbll/tb_1.5/mH_225.09_mA_1166.2776_mC_1166.2776_tb_1.5_cba_0_m122_23384.08066153846
275.09  1166.2776  1166.2776  1.5  0  34926.696046153855  0.00435031693  0.0146252082  453.973886  454.197153  2  1.2922728997172643  /Volumes/LaCie/Signal/14TeV/A_HZ_bbll/tb_1.5/mH_275.09_mA_1166.2776_mC_1166.2776_tb_1.5_cba_0_m122_34926.696046153855
325.09  1166.2776  1166.2776  1.5  0  48777.00373846155  0.00435034227  0.019901618  423.987757  424.204116  2  1.0843791862021084  /Volumes/LaCie/Signal/14TeV/A_HZ_bbll/tb_1.5/mH_325.09_mA_1166.2776_mC_1166.2776_tb_1.5_cba_0_m122_48777.00373846155
375.09  1166.2776  1166.2776  1.5  0  64935.00373846156  0.00435037186  0.931634872  390.787105  390.992719  2  0.0259192522886522  /Volumes/LaCie/Signal/14TeV/A_HZ_bbll/tb_1.5/mH_375.09_mA_1166.2776_mC_1166.2776_tb_1.5_cba_0_m122_64935.00373846156
425.09  1166.2776  1166.2776  1.5  0  83400.69604615387  0.00435040571  2.88380354  355.128825  355.318607  2  0.009221343716103543  /Volumes/LaCie/Signal/14TeV/A_HZ_bbll/tb_1.5/mH_425.09_mA_1166.2776_mC_1166.2776_tb_1.5_cba_0_m122_83400.69604615387
475.09  1166.2776  1166.2776  1.5  0  104174.08066153848  0.00435044386  4.82527242  317.831364  317.998795  2  0.0059893644209623904  /Volumes/LaCie/Signal/14TeV/A_HZ_bbll/tb_1.5/mH_475.09_mA_1166.2776_mC_1166.2776_tb_1.5_cba_0_m122_104174.08066153848
525.09  1166.2776  1166.2776  1.5  0  127255.1575846154  0.00435048631  6.64787307  279.756119  279.893052  2  0.004669411558426227  /Volumes/LaCie/Signal/14TeV/A_HZ_bbll/tb_1.5/mH_525.09_mA_1166.2776_mC_1166.2776_tb_1.5_cba_0_m122_127255.1575846154
575.09  1166.2776  1166.2776  1.5  0  152643.92681538465  0.00435053308  8.34503947  241.786505  241.882967  2  0.0039508401571464995  /Volumes/LaCie/Signal/14TeV/A_HZ_bbll/tb_1.5/mH_575.09_mA_1166.2776_mC_1166.2776_tb_1.5_cba_0_m122_152643.92681538465
625.09  1166.2776  1166.2776  1.5  0  180340.38835384618  0.00435058421  9.93101668  204.80471  204.84869  2  0.0034852168608316284  /Volumes/LaCie/Signal/14TeV/A_HZ_bbll/tb_1.5/mH_625.09_mA_1166.2776_mC_1166.2776_tb_1.5_cba_0_m122_180340.38835384618
675.09  1166.2776  1166.2776  1.5  0  210344.54220000003  0.00435063971  11.4228795  169.666148  169.64336  2  0.003138607790573799  /Volumes/LaCie/Signal/14TeV/A_HZ_bbll/tb_1.5/mH_675.09_mA_1166.2776_mC_1166.2776_tb_1.5_cba_0_m122_210344.54220000003
725.09  1166.2776  1166.2776  1.5  0  242656.3883538462  0.00435069961  12.8360331  137.171614  137.065232  2  0.0028442151071179527  /Volumes/LaCie/Signal/14TeV/A_HZ_bbll/tb_1.5/mH_725.09_mA_1166.2776_mC_1166.2776_tb_1.5_cba_0_m122_242656.3883538462
775.09  1166.2776  1166.2776  1.5  0  277275.92681538465  0.00435076395  14.1833422  108.037193  107.827509  2  0.002558841261283624  /Volumes/LaCie/Signal/14TeV/A_HZ_bbll/tb_1.5/mH_775.09_mA_1166.2776_mC_1166.2776_tb_1.5_cba_0_m122_277275.92681538465
825.09  1166.2776  1166.2776  1.5  0  314203.15758461546  0.00435083276  15.4752767  82.8619807  82.5259437  2  0.0022459465370225826  /Volumes/LaCie/Signal/14TeV/A_HZ_bbll/tb_1.5/mH_825.09_mA_1166.2776_mC_1166.2776_tb_1.5_cba_0_m122_314203.15758461546
875.09  1166.2776  1166.2776  1.5  0  353438.0806615385  0.00435090606  16.7202995  62.0938331  61.6043105  2  0.0018689705302600422  /Volumes/LaCie/Signal/14TeV/A_HZ_bbll/tb_1.5/mH_875.09_mA_1166.2776_mC_1166.2776_tb_1.5_cba_0_m122_353438.0806615385
925.09  1166.2776  1166.2776  1.5  0  394980.6960461539  0.00435098391  17.9252591  45.9936957  45.3180643  2  0.0013964102339930984  /Volumes/LaCie/Signal/14TeV/A_HZ_bbll/tb_1.5/mH_925.09_mA_1166.2776_mC_1166.2776_tb_1.5_cba_0_m122_394980.6960461539
975.09  1166.2776  1166.2776  1.5  0  438831.0037384616  0.00435106632  19.095725  34.6005222  33.6972842  2  0.0008337531018526243  /Volumes/LaCie/Signal/14TeV/A_HZ_bbll/tb_1.5/mH_975.09_mA_1166.2776_mC_1166.2776_tb_1.5_cba_0_m122_438831.0037384616
1025.09  1166.2776  1166.2776  1.5  0  484989.00373846164  0.00435115336  20.2362565  27.7068128  26.5139803  2  0.00029009737515527735  /Volumes/LaCie/Signal/14TeV/A_HZ_bbll/tb_1.5/mH_1025.09_mA_1166.2776_mC_1166.2776_tb_1.5_cba_0_m122_484989.00373846164
1075.09  1166.2776  1166.2776  1.5  0  533454.696046154  0.00435124505  21.3506133  24.9978428  23.3018619  2  1.4413633807027155e-06  /Volumes/LaCie/Signal/14TeV/A_HZ_bbll/tb_1.5/mH_1075.09_mA_1166.2776_mC_1166.2776_tb_1.5_cba_0_m122_533454.696046154
